11111
111111
111112
111122
1111222
2222222
2222223
22222233
222222333
2222223333
112222333333
2223333333
12233333333
1313132323234
333223432234322
333344443333
3334444444333
33344444444333
44444444444
444444444444
45454545454
455455455455
23455555543211
5555555555
555555555555
555566665555
4666666664
45654565456
55566666666555
666666666666
667667667667
6666777776666
776776776776
5566777776655
7777777777777
777888777888
6788876788876
8787878787878
888788887888
8888888888888
88899999888
78999999987
889999999988
89898989898
4567899999987654
999999999999
99999999999999
9999999999999999
67899899899899899876
99999999999999999999